0 0 0 1
1 1 0 1 
2 2 0 1 
3 3 0 1 
4 4 0 1 
5 5 0 1
6 0 1 0 
7 1 1 1 
8 2 1 1 
9 3 1 1 
q 4 1 1 
w 5 1 0 
e 0 2 1 
r 1 2 0 
t 2 2 0 
y 3 2 0 
u 4 2 0 
i 5 2 1 
o 0 3 1 
p 1 3 0 
a 2 3 0 
s 3 3 0 
d 4 3 0 
f 5 3 1 
g 0 4 1 
h 1 4 0 
j 2 4 0 
k 3 4 0 
l 4 4 0 
z 5 4 1 
x 0 5 1 
c 1 5 0 
v 2 5 0 
b 3 5 0 
n 4 5 0 
m 5 5 1 
Q 0 6 1 
W 1 6 0 
E 2 6 0 
R 3 6 0 
T 4 6 0 
Y 5 6 1 
U 0 7 1
I 1 7 0 
O 2 7 0 
P 3 7 0 
A 4 7 0 
S 5 7 1 
D 0 8 1 
F 1 8 0 
G 2 8 0 
H 3 8 0 
J 4 8 0 
K 5 8 1 
L 0 9 1
Z 1 9 0 
X 2 9 0 
C 3 9 0 
V 4 9 0 
B 5 9 1 
N 0 10 1
M 1 10 1 
! 2 10 1 
@ 3 10 1 
# 4 10 1 
$ 5 10 1 
% 0 11 1 
^ 1 11 1 
& 2 11 1 
* 3 11 1 
( 4 11 0 
) 5 11 0 
- 0 12 1 
_ 1 12 1 
= 2 12 1
+ 3 12 1 
, 4 12 0 
/ 0 13 1
; 1 13 1 
' 2 13 1 
[ 3 13 1 
] 4 13 1  
\ 5 13 1 
. 0 14 1 
< 1 14 1 
> 2 14 1 
? 3 14 1 
: 4 14 1 
" 5 14 1 
{ 0 15 1 
} 1 15 1 